A5 40 90 08 00 00 00 00 00 00 00 00 7D 
A5 40 91 08 00 00 00 00 00 00 00 00 7E 
A5 40 92 08 00 00 00 00 00 00 00 00 7F 
A5 40 93 08 00 00 00 00 00 00 00 00 80 
A5 40 94 08 00 00 00 00 00 00 00 00 81 
A5 40 95 08 00 00 00 00 00 00 00 00 82 
A5 40 96 08 00 00 00 00 00 00 00 00 83 
A5 40 97 08 00 00 00 00 00 00 00 00 84 
A5 40 98 08 00 00 00 00 00 00 00 00 85 
A5 40 D8 08 00 00 00 00 00 00 00 00 C5 
A5 40 90 08 00 00 00 00 00 00 00 00 7D 
A5 40 91 08 00 00 00 00 00 00 00 00 7E 
A5 40 92 08 00 00 00 00 00 00 00 00 7F 
A5 40 93 08 00 00 00 00 00 00 00 00 80 
A5 40 94 08 00 00 00 00 00 00 00 00 81 
A5 40 95 08 00 00 00 00 00 00 00 00 82 
A5 40 96 08 00 00 00 00 00 00 00 00 83 
A5 40 97 08 00 00 00 00 00 00 00 00 84 
A5 40 98 08 00 00 00 00 00 00 00 00 85 





>A5 40 90 08 00 00 00 00 00 00 00 00 7D ¡õ
<A5 01 90 08 02 50 00 00 75 30 03 D8 10 

>A5 40 91 08 00 00 00 00 00 00 00 00 7E ¡õ
<A5 01 91 08 0E 7E 10 0E 72 01 03 D8 37 

>A5 40 92 08 00 00 00 00 00 00 00 00 7F 
<A5 01 92 08 42 01 42 01 75 30 03 D8 46 

>A5 40 93 08 00 00 00 00 00 00 00 00 80
<A5 01 93 08 00 01 01 80 00 00 73 50 86 

>A5 40 94 08 00 00 00 00 00 00 00 00 81
<A5 01 94 08 10 01 00 00 00 00 00 D8 2B 

A5 40 95 08 00 00 00 00 00 00 00 00 82
A5 01 95 08 01 0E 72 0E 73 0E 75 D8 A0 
A5 01 95 08 02 0E 73 0E 75 0E 77 D8 A6 A5 01 95 08 03 0E 75 0E 74 0E 77 D8 A8 A5 01 95 08 04 0E 73 0E 75 0E 7A D8 AB 
A5 01 95 08 05 0E 75 0E 74 0E 77 D8 AA A5 01 95 08 06 0E 7E 0E 74 0E 77 D8 B4 

A5 40 96 08 00 00 00 00 00 00 00 00 83
A5 01 96 08 01 42 00 00 00 00 00 D8 5F 

A5 40 97 08 00 00 00 00 00 00 00 00 84 ¡õ
A5 01 97 08 00 00 00 00 00 00 00 00 45 

A5 40 98 08 00 00 00 00 00 00 00 00 85 ¡õ
A5 01 98 08 00 00 00 00 00 00 00 00 46 

A5 40 D8 08 00 00 00 00 00 00 00 00 C5 ¡õ
A5 01 D8 08 00 00 00 00 00 30 03 D8 91 